1115
1512
212
1443
508
1084
957
853
508
444
1005
1088
1261
888
1447
1054
1403
742
1034
1225
1661
628
1251
213
1654
1047
1616
923
1361
235
1294
503
747
1427
1294
123
440
766
745
303
404
475
744
704
1421
212
1087
776
1356
1058
1356
1203
1635
1253
728
419
1441
1616
762
738
742
888
1402
353
414
768
1631
1645
1623
558
1363
567
435
741
1071
603
745
344
613
1501
103
1618
1406
841
233
106
115
1644
1401
906
844
1359
1084
1606
735
1606
1278
748
564
738
551
411
1404
514
224
1259
213
552
136
516
1359
1041
237
333
568
747
1252
1251
626
403
410
1262
564
434
473
224
1225
353
888
123
877
145
1042
1205
546
1639
1116
1618
732
1054
1064
1207
552
742
1381
732
1605
715
606
509
1603
899
222
544
546
1633
568
619
564
985
525
508
879
1501
333
763
1369
102
1041
1265
776
1346
985
226
337
504
136
1623
1115
1106
226
767
444
1639
736
1633
1445
516
416
724
766
1084
1084
541
567
1051
906
537
1084
305
1369
701
541
541
1654
517
908
725
1041
721
601
401
618
765
1445
435
551
414
442
556
767
409
1084
1359
606
435
603
1084
1084
899
309
1405
233
1409
1053
1623
203
731
737
104
606
782
567
429
564
1635
1623
1002
725
847
1035
1618
104
1261
778
1111
1102
440
1032
1042
531
1501
1602
203
1253
401
1504
1654
428
1654
1262
1296
1013
715
605
709
1296
1034
505
748
908
513
637
1134
744
1114
514
541
447
418
541
567
1422
531
1618
523
715
872
613
727
1041
1251
785
606
751
444
531
145
709
1604
1654
1034
626
1054
1445
619
628
709
847
526
1654
628
505
1084
1501
1644
742
765
1363
766
964
1227
545
747
746
435
510
736
541
841
741
956
1064
906
766
429
937
602
1054
742
1502
145
509
544
509
545
1102
406
1421
401
742
1326
525
742
212
307
1142
998
1642
116
1624
1152
526
237
1289
1612
742
435
1356
734
567
766
736
1396
422
419
306
429
785
543
603
744
419
1621
551
203
336
1014
1445
542
772
772
772
1227
425
222
1361
543
1639
1292
238
721
1011
1084
746
1346
123
728
701
888
747
222
1208
1371
742
1265
504
106
563
956
956
957
507
718
501
402
1411
907
1112
1041
1067
1132
969
353
705
568
1289
412
604
744
718
1603
1294
411
1605
735
1407
102
304
1287
507
732
1225
619
1041
1133
567
504
1422
1035
449
123
937
1387
772
1363
825
778
552
845
737
1264
742
1399
522
568
1041
879
1116
206
511
725
761
777
1251
1363
505
1369
212
422
567
478
754
1623
1396
957
737
525
776
767
421
736
526
1645
526
762
1013
1654
732
1068
1041
936
726
1115
1653
505
841
606
136
1506
236
736
1251
1614
969
509
307
1311
908
958
401
1607
106
427
136
736
904
741
1401
742
1041
401
969
504
746
545
1501
775
736
1503
1126
706
419
512
744
1605
601
1251
601
1383
1369
605
1262
1015
1367
1367
1602
706
567
567
1399
1145
619
412
746
1602
774
774
1654
1356
801
567
1402
841
1631
436
888
619
1005
1042
1653
226
509
742
1639
746
1064
814
617
1367
1503
1443
613
604
768
145
602
405
551
1081
1651
473
765
1603
736
766
1333
908
737
1602
619
567
102
1502
928
568
958
238
1056
1603
1412
606
726
1084
988
1001
1202
1064
545
1602
742
1603
425
1653
626
1262
348
1265
429
447
1013
724
785
511
1017
1064
513
917
226
856
738
1445
410
514
1287
747
1005
1279
785
876
831
1391
563
811
712
1365
1512
851
216
1639
1133
766
1644
523
969
969
1087
1356
522
102
1353
113
409
969
1346
969
958
514
1294
625
337
568
1087
305
429
1042
1654
988
969
1041
1654
841
1134
969
969
969
435
236
414
1633
969
1616
1644
764
969
1605
606
969
232
937
145
1041
764
606
1624
1116
1618
1616
1635
768
564
1427
516
509
969
988
505
403
969
1084
715
969
778
601
958
969
742
1606
1621
766
969
516
522
1302
104
1265
1002
541
1253
1361
928
732
1012
602
747
1616
969
526
1153
104
1605
1422
509
1503
444
969
1047
1035
1035
501
1011
714
1359
968
1385
1356
502
742
1603
605
988
736
768
1445
1012
1634
907
958
327
841
742
742
969
778
509
742
505
602
841
444
731
403
1403
841
969
1042
958
1398
969
1042
1042
969
412
1042
478
1225
1623
509
623
841
438
746
116
969
1603
715
715
231
1403
958
628
1441
1133
732
412
969
1603
1623
1003
714
1443
1637
904
1604
1014
1267
553
1386
1607
606
1369
401
705
1124
1624
804
1361
1042
906
447
888
1653
1111
602
602
1607
1058
988
429
1602
765
1386
742
1639
1602
1391
1053
527
1289
1274
1427
213
1106
517
130
856
1013
706
1036
1004
748
1265
337
475
603
824
1621
888
1522
603
1042
1422
231
1391
501
531
226
701
1106
1445
563
767
429
853
1411
409
1014
231
303
1007
1142
1007
846
231
966
1409
1296
1034
1401
1637
787
1639
1445
715
746
619
1606
1035
916
908
937
742
1616
563
419
612
1503
1605
1015
1002
747
1007
1402
1034
1364
1014
628
1618
567
724
501
1034
613
1445
1001
1034
442
814
705